// Start Time: Unknown: 
// Update Rate: 60.0Hz 
// Filter Profile: human (46.1) 
// Firmware Version: 4.6.0
PacketCounter	SampleTimeFine	Year	Month	Day	Second	UTC_Nano	UTC_Year	UTC_Month	UTC_Day UTC_Hour	UTC_Minute	UTC_Second	UTC_Valid	Acc_X	Acc_Y	Acc_Z	Mat[1][1]	Mat[2][1]	Mat[3][1]	Mat[1][2]	Mat[2][2]	Mat[3][2]	Mat[1][3]	Mat[2][3]	Mat[3][3] 
1348														-0.082563	0.006252	9.801579	0.307908	-0.951408	0.003992	0.951379	0.307930	0.007563	-0.008425	0.001469	0.999963	
1349														-0.097808	0.020108	9.801617	0.307916	-0.951405	0.003984	0.951376	0.307938	0.007583	-0.008441	0.001456	0.999963	
1350														-0.083328	0.035894	9.845272	0.307920	-0.951404	0.003987	0.951375	0.307942	0.007583	-0.008443	0.001458	0.999963	
1351														-0.082416	0.006317	9.786934	0.307949	-0.951394	0.004003	0.951365	0.307971	0.007580	-0.008445	0.001475	0.999963	
1352														-0.082185	0.006590	9.801582	0.307935	-0.951399	0.003995	0.951370	0.307957	0.007600	-0.008461	0.001461	0.999963	
1353														-0.082959	0.021360	9.801456	0.307934	-0.951399	0.004021	0.951370	0.307957	0.007626	-0.008494	0.001477	0.999963	
1354														-0.112533	0.034929	9.830949	0.307926	-0.951402	0.003990	0.951373	0.307948	0.007621	-0.008479	0.001449	0.999963	
1355														-0.082030	0.007070	9.816228	0.307917	-0.951405	0.004034	0.951375	0.307940	0.007656	-0.008527	0.001480	0.999963	
1356														-0.082339	0.022240	9.860043	0.307934	-0.951399	0.004006	0.951370	0.307956	0.007666	-0.008527	0.001451	0.999963	
1357														-0.083513	0.021236	9.742867	0.307936	-0.951399	0.004028	0.951369	0.307958	0.007677	-0.008544	0.001468	0.999962	
1358														-0.082579	0.022253	9.830749	0.307939	-0.951397	0.004034	0.951368	0.307962	0.007692	-0.008561	0.001469	0.999962	
1359														-0.067246	0.008465	9.830712	0.307926	-0.951402	0.004041	0.951372	0.307949	0.007708	-0.008578	0.001471	0.999962	
1360														-0.097610	0.021503	9.786970	0.307927	-0.951401	0.004057	0.951371	0.307950	0.007705	-0.008580	0.001488	0.999962	
1361														-0.096995	0.022124	9.830912	0.307928	-0.951401	0.004060	0.951371	0.307951	0.007705	-0.008581	0.001490	0.999962	
1362														-0.082450	0.022912	9.816102	0.307899	-0.951410	0.004081	0.951380	0.307923	0.007716	-0.008598	0.001507	0.999962	
1363														-0.083399	0.037415	9.786681	0.307905	-0.951408	0.004069	0.951378	0.307928	0.007721	-0.008599	0.001493	0.999962	
1364														-0.081442	0.008422	9.816232	0.307874	-0.951418	0.004052	0.951388	0.307897	0.007712	-0.008585	0.001481	0.999962	
1365														-0.082238	0.022703	9.786813	0.307890	-0.951413	0.004025	0.951383	0.307913	0.007722	-0.008586	0.001452	0.999962	
1366														-0.081939	0.022775	9.786815	0.307880	-0.951417	0.004033	0.951387	0.307903	0.007689	-0.008557	0.001469	0.999962	
1367														-0.109718	0.007352	9.831215	0.307884	-0.951415	0.004035	0.951386	0.307907	0.007690	-0.008559	0.001471	0.999962	
1368														-0.081497	0.023139	9.786818	0.307903	-0.951409	0.004037	0.951379	0.307926	0.007690	-0.008560	0.001473	0.999962	
1369														-0.080958	0.023557	9.816113	0.307879	-0.951417	0.004035	0.951387	0.307902	0.007676	-0.008546	0.001476	0.999962	
1370														-0.095526	0.022927	9.801633	0.307895	-0.951412	0.004052	0.951382	0.307918	0.007673	-0.008548	0.001493	0.999962	
1371														-0.095388	0.022934	9.786989	0.307897	-0.951411	0.004031	0.951382	0.307920	0.007649	-0.008518	0.001480	0.999963	
1372														-0.079967	0.024117	9.845412	0.307883	-0.951416	0.004012	0.951386	0.307906	0.007687	-0.008549	0.001451	0.999962	
1373														-0.080531	0.023637	9.786825	0.307884	-0.951416	0.004025	0.951386	0.307906	0.007669	-0.008536	0.001468	0.999962	
1374														-0.079681	0.024272	9.830768	0.307887	-0.951415	0.004019	0.951385	0.307910	0.007641	-0.008507	0.001471	0.999963	
1375														-0.093219	0.009147	9.831067	0.307874	-0.951419	0.004031	0.951389	0.307897	0.007623	-0.008494	0.001488	0.999963	
1376														-0.079247	0.024430	9.816125	0.307877	-0.951418	0.004004	0.951388	0.307900	0.007632	-0.008494	0.001459	0.999963	
1377														-0.078289	0.010080	9.830902	0.307881	-0.951416	0.004040	0.951387	0.307904	0.007639	-0.008511	0.001492	0.999963	
1378														-0.079514	0.039486	9.830643	0.307868	-0.951421	0.004004	0.951391	0.307891	0.007619	-0.008482	0.001464	0.999963	
1379														-0.093440	0.023777	9.801651	0.307901	-0.951410	0.003991	0.951381	0.307924	0.007624	-0.008482	0.001450	0.999963	
1380														-0.093132	0.024131	9.816299	0.307889	-0.951414	0.004023	0.951384	0.307912	0.007616	-0.008485	0.001483	0.999963	
1381														-0.078445	0.024940	9.801484	0.307865	-0.951422	0.004006	0.951392	0.307888	0.007606	-0.008471	0.001470	0.999963	
1382														-0.092849	0.024211	9.801656	0.307866	-0.951421	0.003994	0.951392	0.307888	0.007612	-0.008472	0.001456	0.999963	
1383														-0.077014	0.010655	9.830911	0.307870	-0.951420	0.003996	0.951391	0.307892	0.007612	-0.008473	0.001458	0.999963	
1384														-0.078009	0.024937	9.786842	0.307874	-0.951419	0.003979	0.951389	0.307897	0.007603	-0.008459	0.001445	0.999963	
1385														-0.091430	0.009922	9.816438	0.307906	-0.951409	0.003986	0.951379	0.307928	0.007618	-0.008475	0.001446	0.999963	
1386														-0.077447	0.025632	9.830782	0.307908	-0.951408	0.004011	0.951378	0.307931	0.007644	-0.008508	0.001463	0.999963	
1387														-0.076879	0.011003	9.816266	0.307912	-0.951406	0.003999	0.951377	0.307935	0.007649	-0.008509	0.001449	0.999963	
1388														-0.062008	0.011868	9.830743	0.307916	-0.951405	0.003991	0.951375	0.307939	0.007668	-0.008525	0.001435	0.999963	
1389														-0.092018	0.025033	9.816307	0.307921	-0.951403	0.004002	0.951374	0.307944	0.007650	-0.008511	0.001452	0.999963	
1390														-0.077817	0.040755	9.830652	0.307924	-0.951402	0.004009	0.951373	0.307947	0.007665	-0.008527	0.001454	0.999963	
1391														-0.091057	0.010610	9.816441	0.307942	-0.951397	0.003981	0.951367	0.307964	0.007674	-0.008527	0.001425	0.999963	
1392														-0.076518	0.011348	9.801623	0.307931	-0.951400	0.004017	0.951370	0.307953	0.007681	-0.008545	0.001457	0.999962	
1393														-0.090840	0.011118	9.816442	0.307949	-0.951394	0.004030	0.951364	0.307972	0.007663	-0.008531	0.001474	0.999963	
1394														-0.091523	0.025748	9.801664	0.307954	-0.951393	0.004017	0.951363	0.307977	0.007668	-0.008532	0.001460	0.999963	
1395														-0.076578	0.026622	9.816140	0.307984	-0.951383	0.004005	0.951353	0.308007	0.007673	-0.008533	0.001447	0.999963	
1396														-0.075541	0.012364	9.816275	0.307972	-0.951387	0.004057	0.951358	0.307995	0.007627	-0.008506	0.001510	0.999963	
1397														-0.090941	0.026549	9.801668	0.307990	-0.951381	0.004067	0.951351	0.308013	0.007657	-0.008538	0.001511	0.999962	
1398														-0.090868	0.026689	9.801668	0.307979	-0.951385	0.004065	0.951355	0.308002	0.007644	-0.008524	0.001513	0.999963	
1399														-0.090887	0.026689	9.787022	0.307983	-0.951383	0.004072	0.951353	0.308006	0.007659	-0.008541	0.001515	0.999962	
1400														-0.089733	0.012489	9.816451	0.307972	-0.951387	0.004074	0.951357	0.307995	0.007660	-0.008542	0.001517	0.999962	
1401														-0.075366	0.013165	9.786984	0.307990	-0.951381	0.004094	0.951351	0.308014	0.007670	-0.008559	0.001533	0.999962	
1402														-0.089661	0.012768	9.816451	0.307978	-0.951385	0.004072	0.951355	0.308001	0.007695	-0.008575	0.001504	0.999962	
1403														-0.074786	0.013577	9.830925	0.308010	-0.951375	0.004059	0.951345	0.308033	0.007700	-0.008576	0.001490	0.999962	
1404														-0.089871	0.027673	9.830966	0.308029	-0.951368	0.004082	0.951339	0.308052	0.007663	-0.008548	0.001523	0.999962	
1405														-0.075112	0.028427	9.816147	0.308047	-0.951363	0.004055	0.951333	0.308070	0.007672	-0.008548	0.001494	0.999962	
1406														-0.088999	0.012892	9.801811	0.308049	-0.951362	0.004057	0.951332	0.308072	0.007673	-0.008550	0.001496	0.999962	
1407														-0.074571	0.028710	9.830796	0.308052	-0.951361	0.004054	0.951331	0.308075	0.007659	-0.008536	0.001498	0.999962	
1408														-0.088721	0.013036	9.787168	0.308054	-0.951360	0.004056	0.951330	0.308077	0.007660	-0.008537	0.001499	0.999962	
1409														-0.088233	0.013319	9.816463	0.308043	-0.951364	0.004030	0.951334	0.308065	0.007669	-0.008537	0.001471	0.999962	
1410														-0.088915	0.027866	9.816328	0.308031	-0.951368	0.004021	0.951338	0.308053	0.007689	-0.008554	0.001457	0.999962	
1411														-0.102858	0.012615	9.816639	0.308033	-0.951367	0.004047	0.951337	0.308056	0.007715	-0.008586	0.001474	0.999962	
1412														-0.074292	0.028907	9.816152	0.308007	-0.951376	0.004030	0.951345	0.308030	0.007705	-0.008572	0.001461	0.999962	
1413														-0.073305	0.014351	9.816289	0.308025	-0.951370	0.004032	0.951340	0.308048	0.007706	-0.008574	0.001463	0.999962	
1414														-0.087705	0.013584	9.816468	0.308012	-0.951374	0.004002	0.951344	0.308034	0.007701	-0.008559	0.001435	0.999962	
1415														-0.087905	0.028500	9.845627	0.308001	-0.951378	0.004004	0.951348	0.308024	0.007702	-0.008561	0.001437	0.999962	
1416														-0.087671	0.013508	9.787177	0.308006	-0.951376	0.004020	0.951346	0.308029	0.007698	-0.008562	0.001454	0.999962	
1417														-0.087353	0.013794	9.801825	0.308038	-0.951366	0.004008	0.951336	0.308061	0.007703	-0.008563	0.001440	0.999962	
1418														-0.101808	0.013233	9.816649	0.308056	-0.951360	0.004019	0.951329	0.308079	0.007733	-0.008595	0.001441	0.999962	
1419														-0.071802	0.000061	9.801786	0.308087	-0.951350	0.003997	0.951320	0.308110	0.007708	-0.008565	0.001428	0.999962	
1420														-0.073118	0.029312	9.801513	0.308061	-0.951358	0.003989	0.951328	0.308083	0.007728	-0.008581	0.001415	0.999962	
1421														-0.086728	0.014129	9.816475	0.308050	-0.951362	0.003992	0.951332	0.308072	0.007728	-0.008582	0.001417	0.999962	
1422														-0.086505	0.014274	9.816477	0.308066	-0.951357	0.003989	0.951326	0.308089	0.007714	-0.008568	0.001419	0.999962	
1423														-0.087585	0.043820	9.830851	0.308083	-0.951351	0.003987	0.951321	0.308106	0.007701	-0.008555	0.001420	0.999962	
1424														-0.086229	0.014414	9.801834	0.308072	-0.951355	0.003994	0.951324	0.308095	0.007716	-0.008571	0.001422	0.999962	
1425														-0.100613	0.014001	9.816660	0.308090	-0.951349	0.004010	0.951319	0.308113	0.007713	-0.008573	0.001439	0.999962	
1426														-0.085592	0.015141	9.831129	0.308122	-0.951338	0.004008	0.951308	0.308145	0.007699	-0.008559	0.001441	0.999962	
1427														-0.086395	0.029762	9.816345	0.308111	-0.951342	0.004014	0.951312	0.308134	0.007714	-0.008576	0.001442	0.999962	
1428														-0.086001	0.030055	9.830993	0.308129	-0.951336	0.004008	0.951306	0.308152	0.007686	-0.008547	0.001444	0.999962	
1429														-0.085416	0.015274	9.801840	0.308118	-0.951340	0.004019	0.951310	0.308141	0.007716	-0.008579	0.001445	0.999962	
1430														-0.085416	0.015340	9.801840	0.308106	-0.951344	0.004006	0.951313	0.308129	0.007721	-0.008580	0.001432	0.999962	
1431														-0.071154	0.031114	9.830814	0.307951	-0.951394	0.004076	0.951364	0.307974	0.007647	-0.008530	0.001523	0.999962	
1432														-0.070221	0.016632	9.830954	0.307941	-0.951397	0.004074	0.951367	0.307964	0.007633	-0.008516	0.001525	0.999963	
1433														-0.071054	0.031036	9.801523	0.307928	-0.951401	0.004057	0.951372	0.307951	0.007623	-0.008502	0.001513	0.999963	
1434														-0.084597	0.015774	9.801846	0.307917	-0.951405	0.004070	0.951375	0.307940	0.007604	-0.008488	0.001530	0.999963	
1435														-0.099150	0.015129	9.802028	0.307915	-0.951405	0.004066	0.951376	0.307938	0.007639	-0.008519	0.001516	0.999963	
1436														-0.068934	0.002291	9.816452	0.307909	-0.951407	0.004068	0.951378	0.307932	0.007639	-0.008520	0.001518	0.999963	
1437														-0.069746	0.016764	9.801666	0.307890	-0.951414	0.004041	0.951384	0.307913	0.007648	-0.008521	0.001490	0.999963	
1438														-0.084742	0.031043	9.831001	0.307895	-0.951412	0.004077	0.951382	0.307918	0.007655	-0.008539	0.001522	0.999962	
1439														-0.084947	0.031037	9.801708	0.307876	-0.951418	0.004075	0.951388	0.307900	0.007642	-0.008525	0.001524	0.999962	
1440														-0.098560	0.015840	9.802033	0.307879	-0.951417	0.004092	0.951387	0.307903	0.007638	-0.008527	0.001541	0.999962	
1441														-0.083761	0.016921	9.816497	0.307881	-0.951416	0.004088	0.951386	0.307905	0.007673	-0.008559	0.001527	0.999962	
1442														-0.083759	0.016911	9.816497	0.307870	-0.951420	0.004076	0.951390	0.307893	0.007677	-0.008559	0.001515	0.999962	
1443														-0.069058	0.017773	9.816315	0.307859	-0.951423	0.004083	0.951393	0.307883	0.007693	-0.008576	0.001516	0.999962	
1444														-0.084335	0.031822	9.816357	0.307891	-0.951413	0.004095	0.951383	0.307914	0.007675	-0.008563	0.001533	0.999962	
1445														-0.068768	0.018285	9.816316	0.307860	-0.951423	0.004116	0.951393	0.307884	0.007686	-0.008580	0.001550	0.999962	
1446														-0.098021	0.016833	9.816682	0.307852	-0.951425	0.004108	0.951396	0.307875	0.007705	-0.008596	0.001536	0.999962	
1447														-0.084296	0.032172	9.801710	0.307839	-0.951430	0.004110	0.951400	0.307862	0.007706	-0.008597	0.001538	0.999962	
1448														-0.098224	0.016735	9.787390	0.307860	-0.951423	0.004117	0.951393	0.307884	0.007721	-0.008613	0.001539	0.999962	
1449														-0.083425	0.017826	9.801853	0.307848	-0.951427	0.004123	0.951397	0.307871	0.007736	-0.008630	0.001541	0.999962	
1450														-0.083353	0.018041	9.801853	0.307863	-0.951422	0.004140	0.951392	0.307887	0.007733	-0.008631	0.001558	0.999962	
1451														-0.067749	0.004510	9.816459	0.307864	-0.951422	0.004136	0.951391	0.307887	0.007767	-0.008663	0.001544	0.999961	
1452														-0.084061	0.033095	9.816355	0.307863	-0.951422	0.004158	0.951391	0.307887	0.007778	-0.008680	0.001561	0.999961	
1453														-0.083107	0.018610	9.816499	0.307892	-0.951412	0.004141	0.951382	0.307916	0.007768	-0.008665	0.001548	0.999961	
1454														-0.082684	0.019133	9.845793	0.307882	-0.951415	0.004181	0.951385	0.307906	0.007789	-0.008698	0.001580	0.999961	
1455														-0.083213	0.018809	9.801853	0.307893	-0.951412	0.004154	0.951381	0.307917	0.007798	-0.008699	0.001551	0.999961	
1456														-0.098496	0.032617	9.801894	0.307913	-0.951405	0.004156	0.951375	0.307937	0.007799	-0.008700	0.001553	0.999961	
1457														-0.069097	0.034303	9.801526	0.307916	-0.951405	0.004144	0.951374	0.307940	0.007804	-0.008701	0.001539	0.999961	
1458														-0.098099	0.032977	9.816542	0.307920	-0.951403	0.004165	0.951372	0.307944	0.007815	-0.008718	0.001556	0.999961	
1459														-0.097923	0.033196	9.831188	0.307908	-0.951407	0.004142	0.951376	0.307932	0.007839	-0.008733	0.001527	0.999961	
1460														-0.053008	0.021007	9.830781	0.307898	-0.951410	0.004136	0.951379	0.307922	0.007810	-0.008704	0.001530	0.999961	
1461														-0.081647	0.004589	9.802003	0.307915	-0.951405	0.004147	0.951374	0.307940	0.007840	-0.008736	0.001531	0.999961	
1462														-0.082111	0.019664	9.831151	0.307888	-0.951414	0.004150	0.951383	0.307912	0.007840	-0.008737	0.001534	0.999961	
1463														-0.097658	0.033458	9.816545	0.307919	-0.951404	0.004156	0.951372	0.307943	0.007855	-0.008754	0.001535	0.999961	
1464														-0.066799	0.005828	9.801819	0.307920	-0.951403	0.004154	0.951372	0.307944	0.007841	-0.008739	0.001538	0.999961	
1465														-0.082487	0.034717	9.831008	0.307921	-0.951403	0.004157	0.951372	0.307945	0.007842	-0.008741	0.001540	0.999961	
1466														-0.081944	0.019772	9.801861	0.307909	-0.951407	0.004134	0.951375	0.307933	0.007865	-0.008756	0.001511	0.999961	
1467														-0.096565	0.018940	9.802047	0.307927	-0.951401	0.004141	0.951369	0.307951	0.007880	-0.008772	0.001513	0.999960	
1468														-0.083367	0.049156	9.801571	0.307913	-0.951405	0.004134	0.951374	0.307937	0.007852	-0.008743	0.001516	0.999961	
1469														-0.064791	-0.008059	9.831264	0.307932	-0.951399	0.004136	0.951368	0.307957	0.007852	-0.008744	0.001517	0.999961	
1470														-0.094642	0.005140	9.831493	0.307903	-0.951409	0.004149	0.951378	0.307927	0.007834	-0.008731	0.001536	0.999961	
1471														-0.080626	0.020886	9.831161	0.307904	-0.951408	0.004166	0.951377	0.307928	0.007830	-0.008732	0.001553	0.999961	
1472														-0.082997	0.049570	9.772280	0.307890	-0.951413	0.004148	0.951382	0.307914	0.007869	-0.008764	0.001524	0.999960	
1473														-0.095896	0.034820	9.845848	0.307907	-0.951407	0.004135	0.951376	0.307931	0.007874	-0.008764	0.001510	0.999960	
1474														-0.094623	0.005237	9.802204	0.307955	-0.951392	0.004152	0.951361	0.307979	0.007869	-0.008765	0.001527	0.999960	
1475														-0.079850	0.006205	9.802017	0.307956	-0.951392	0.004140	0.951360	0.307980	0.007874	-0.008766	0.001514	0.999960	
1476														-0.065292	0.022128	9.845623	0.307990	-0.951381	0.004123	0.951349	0.308014	0.007864	-0.008751	0.001500	0.999961	
1477														-0.095511	0.019735	9.772766	0.307974	-0.951386	0.004142	0.951354	0.307999	0.007923	-0.008814	0.001501	0.999960	
1478														-0.094948	0.020578	9.831350	0.307965	-0.951389	0.004159	0.951357	0.307989	0.007919	-0.008816	0.001518	0.999960	
1479														-0.081073	0.035870	9.801724	0.307979	-0.951384	0.004129	0.951353	0.308003	0.007866	-0.008755	0.001506	0.999961	
1480														-0.080698	0.035869	9.801728	0.307982	-0.951383	0.004121	0.951352	0.308006	0.007886	-0.008772	0.001492	0.999960	
1481														-0.079679	0.021467	9.816522	0.307996	-0.951379	0.004128	0.951347	0.308020	0.007901	-0.008788	0.001494	0.999960	
1482														-0.094259	0.020613	9.802066	0.308013	-0.951373	0.004121	0.951342	0.308037	0.007872	-0.008759	0.001496	0.999961	
1483														-0.064686	0.022668	9.816334	0.308017	-0.951372	0.004147	0.951340	0.308041	0.007898	-0.008791	0.001512	0.999960	
1484														-0.065068	0.038060	9.860123	0.307990	-0.951381	0.004169	0.951349	0.308014	0.007908	-0.008808	0.001530	0.999960	
1485														-0.065903	0.037479	9.786891	0.308006	-0.951375	0.004171	0.951344	0.308030	0.007909	-0.008809	0.001532	0.999960	
1486														-0.078041	0.008172	9.845966	0.307994	-0.951379	0.004177	0.951347	0.308019	0.007924	-0.008825	0.001533	0.999960	
1487														-0.078585	0.007831	9.802026	0.307993	-0.951379	0.004184	0.951347	0.308018	0.007939	-0.008842	0.001535	0.999960	
1488														-0.093621	0.022148	9.831359	0.307981	-0.951383	0.004201	0.951351	0.308006	0.007936	-0.008844	0.001552	0.999960	
1489														-0.078926	0.023137	9.831170	0.307971	-0.951386	0.004193	0.951354	0.307996	0.007955	-0.008860	0.001539	0.999960	
1490														-0.064486	0.023961	9.816333	0.307987	-0.951381	0.004214	0.951349	0.308012	0.007966	-0.008877	0.001556	0.999959	
1491														-0.093767	0.022323	9.802067	0.307972	-0.951386	0.004212	0.951354	0.307997	0.007952	-0.008863	0.001558	0.999960	
1492														-0.093073	0.022879	9.846008	0.307946	-0.951394	0.004205	0.951362	0.307971	0.007972	-0.008879	0.001545	0.999959	
1493														-0.094468	0.037007	9.801918	0.307951	-0.951393	0.004196	0.951361	0.307976	0.007991	-0.008895	0.001531	0.999959	
1494														-0.064224	0.024229	9.801688	0.307942	-0.951396	0.004209	0.951364	0.307966	0.007972	-0.008881	0.001549	0.999959	
1495														-0.077696	0.008905	9.802032	0.307929	-0.951400	0.004192	0.951368	0.307954	0.007963	-0.008867	0.001537	0.999960	
1496														-0.078325	0.023599	9.801883	0.307947	-0.951394	0.004195	0.951362	0.307971	0.007963	-0.008868	0.001538	0.999959	
1497														-0.092692	0.023047	9.816721	0.307949	-0.951394	0.004201	0.951361	0.307974	0.007978	-0.008884	0.001540	0.999959	
1498														-0.091690	0.008643	9.816874	0.307938	-0.951397	0.004214	0.951365	0.307963	0.007960	-0.008871	0.001558	0.999959	
1499														-0.063152	0.025045	9.816339	0.307953	-0.951392	0.004191	0.951360	0.307978	0.007984	-0.008887	0.001529	0.999959	
1500														-0.092320	0.023326	9.816724	0.307915	-0.951405	0.004194	0.951372	0.307940	0.007985	-0.008888	0.001531	0.999959	
1501														-0.092360	0.023457	9.802078	0.307930	-0.951400	0.004225	0.951367	0.307955	0.007977	-0.008890	0.001563	0.999959	
1502														-0.106984	0.022736	9.802270	0.307917	-0.951404	0.004207	0.951371	0.307942	0.008015	-0.008921	0.001534	0.999959	
1503														-0.076508	0.010075	9.831331	0.307919	-0.951403	0.004194	0.951371	0.307944	0.008019	-0.008921	0.001521	0.999959	
1504														-0.063112	0.025221	9.801693	0.307906	-0.951408	0.004191	0.951375	0.307931	0.008054	-0.008953	0.001507	0.999959	
1505														-0.091381	0.009028	9.816876	0.307910	-0.951406	0.004182	0.951373	0.307934	0.008073	-0.008969	0.001493	0.999959	
1506														-0.092356	0.023627	9.802078	0.307897	-0.951410	0.004199	0.951377	0.307922	0.008069	-0.008970	0.001511	0.999959	
1507														-0.091086	0.009389	9.816879	0.307915	-0.951405	0.004197	0.951372	0.307940	0.008055	-0.008956	0.001513	0.999959	
1508														-0.091623	0.024392	9.831373	0.307918	-0.951403	0.004218	0.951370	0.307943	0.008066	-0.008973	0.001529	0.999959	
1509														-0.076208	0.010698	9.831332	0.307905	-0.951408	0.004200	0.951374	0.307930	0.008104	-0.009004	0.001500	0.999958	
1510														-0.077446	0.025132	9.801886	0.307895	-0.951411	0.004232	0.951378	0.307920	0.008096	-0.009006	0.001533	0.999958	
1511														-0.076250	0.010970	9.816687	0.307882	-0.951415	0.004234	0.951382	0.307907	0.008097	-0.009007	0.001536	0.999958	
1512														-0.090907	0.010080	9.802235	0.307884	-0.951414	0.004237	0.951381	0.307910	0.008097	-0.009008	0.001538	0.999958	
1513														-0.090651	0.010461	9.816882	0.307889	-0.951413	0.004257	0.951380	0.307914	0.008108	-0.009025	0.001554	0.999958	
1514														-0.076937	0.025855	9.801888	0.307891	-0.951412	0.004226	0.951379	0.307917	0.008102	-0.009010	0.001526	0.999958	
1515														-0.075803	0.011464	9.816690	0.307923	-0.951402	0.004251	0.951368	0.307949	0.008128	-0.009042	0.001542	0.999958	
1516														-0.075655	0.011680	9.816690	0.307941	-0.951396	0.004245	0.951363	0.307966	0.008099	-0.009013	0.001544	0.999958	
1517														-0.105738	0.024603	9.802279	0.307941	-0.951396	0.004266	0.951362	0.307967	0.008110	-0.009030	0.001561	0.999958	
1518														-0.075618	0.011798	9.802046	0.307930	-0.951399	0.004244	0.951366	0.307956	0.008134	-0.009046	0.001533	0.999958	
1519														-0.075505	0.011953	9.816691	0.307933	-0.951399	0.004254	0.951365	0.307958	0.008164	-0.009078	0.001533	0.999958	
1520														-0.091262	0.025516	9.802083	0.307936	-0.951398	0.004231	0.951364	0.307961	0.008188	-0.009093	0.001504	0.999958	
1521														-0.091258	0.025431	9.802084	0.307923	-0.951402	0.004223	0.951368	0.307949	0.008207	-0.009109	0.001491	0.999957	
1522														-0.061647	0.027588	9.830987	0.307957	-0.951391	0.004229	0.951356	0.307983	0.008222	-0.009125	0.001492	0.999957	
1523														-0.089969	0.011259	9.816887	0.307931	-0.951399	0.004238	0.951365	0.307957	0.008190	-0.009097	0.001510	0.999957	
1524														-0.090145	0.026204	9.831382	0.307934	-0.951398	0.004213	0.951365	0.307959	0.008150	-0.009052	0.001498	0.999958	
1525														-0.088998	0.011567	9.816896	0.307938	-0.951397	0.004226	0.951364	0.307963	0.008132	-0.009038	0.001516	0.999958	
1526														-0.089922	0.026090	9.802094	0.307910	-0.951406	0.004204	0.951372	0.307935	0.008155	-0.009054	0.001488	0.999958	
1527														-0.075300	0.026967	9.801898	0.307899	-0.951410	0.004210	0.951376	0.307924	0.008171	-0.009070	0.001490	0.999958	
1528														-0.088885	0.011604	9.802252	0.307901	-0.951409	0.004208	0.951375	0.307926	0.008157	-0.009056	0.001492	0.999958	
1529														-0.075635	0.042120	9.816389	0.307919	-0.951403	0.004225	0.951370	0.307944	0.008153	-0.009058	0.001509	0.999958	
1530														-0.073971	0.012923	9.802057	0.307950	-0.951393	0.004231	0.951359	0.307975	0.008168	-0.009074	0.001510	0.999958	
1531														-0.089412	0.026870	9.802097	0.307923	-0.951402	0.004248	0.951368	0.307949	0.008164	-0.009075	0.001528	0.999958	
1532														-0.088302	0.012546	9.802256	0.307926	-0.951401	0.004261	0.951367	0.307951	0.008145	-0.009062	0.001546	0.999958	
1533														-0.087970	0.013008	9.816903	0.307928	-0.951400	0.004282	0.951366	0.307954	0.008156	-0.009079	0.001563	0.999958	
1534														-0.088978	0.027525	9.802099	0.307917	-0.951404	0.004255	0.951370	0.307943	0.008165	-0.009079	0.001534	0.999958	
1535														-0.086848	-0.001476	9.817064	0.307918	-0.951403	0.004272	0.951369	0.307944	0.008162	-0.009081	0.001552	0.999958	
1536														-0.071965	-0.000269	9.831512	0.307922	-0.951402	0.004264	0.951368	0.307947	0.008181	-0.009096	0.001537	0.999957	
1537														-0.072784	0.014343	9.831354	0.307926	-0.951401	0.004251	0.951367	0.307951	0.008186	-0.009097	0.001524	0.999957	
1538														-0.088227	0.028131	9.831394	0.307942	-0.951396	0.004258	0.951361	0.307968	0.008200	-0.009113	0.001526	0.999957	
1539														-0.088268	0.028102	9.816749	0.307931	-0.951399	0.004256	0.951365	0.307957	0.008186	-0.009099	0.001528	0.999957	
1540														-0.087257	0.013387	9.802264	0.307904	-0.951408	0.004240	0.951374	0.307929	0.008176	-0.009084	0.001516	0.999958	
1541														-0.086765	0.013556	9.816913	0.307935	-0.951398	0.004223	0.951364	0.307960	0.008166	-0.009069	0.001503	0.999958	
1542														-0.073093	0.029121	9.801908	0.307953	-0.951392	0.004259	0.951358	0.307978	0.008172	-0.009087	0.001535	0.999958	
1543														-0.072835	0.029583	9.816554	0.307955	-0.951391	0.004261	0.951357	0.307981	0.008173	-0.009088	0.001537	0.999958	
1544														-0.085569	-0.000417	9.817075	0.307930	-0.951400	0.004268	0.951366	0.307955	0.008188	-0.009104	0.001539	0.999957	
1545														-0.102119	0.027887	9.802309	0.307932	-0.951399	0.004270	0.951365	0.307958	0.008188	-0.009105	0.001541	0.999957	
1546														-0.086252	0.014412	9.816916	0.307951	-0.951393	0.004257	0.951359	0.307977	0.008192	-0.009105	0.001527	0.999957	
1547														-0.072698	0.029664	9.787264	0.307940	-0.951396	0.004255	0.951362	0.307966	0.008178	-0.009091	0.001529	0.999958	
1548														-0.086977	0.028998	9.802113	0.307943	-0.951395	0.004246	0.951361	0.307968	0.008198	-0.009107	0.001515	0.999957	
1549														-0.085037	-0.000007	9.817080	0.307960	-0.951390	0.004257	0.951355	0.307986	0.008228	-0.009139	0.001516	0.999957	
1550														-0.087057	0.029271	9.802111	0.307948	-0.951393	0.004273	0.951359	0.307974	0.008224	-0.009140	0.001533	0.999957	
1551														-0.086531	0.029838	9.831404	0.307936	-0.951397	0.004276	0.951363	0.307962	0.008224	-0.009141	0.001535	0.999957	
1552														-0.101387	0.028796	9.802314	0.307938	-0.951397	0.004293	0.951362	0.307964	0.008221	-0.009144	0.001553	0.999957	
1553														-0.085514	0.015408	9.816921	0.307925	-0.951401	0.004281	0.951367	0.307951	0.008226	-0.009144	0.001540	0.999957	
1554														-0.071590	0.031088	9.816558	0.307930	-0.951399	0.004293	0.951365	0.307956	0.008207	-0.009130	0.001557	0.999957	
1555														-0.071445	0.031306	9.816559	0.307947	-0.951394	0.004299	0.951360	0.307973	0.008222	-0.009146	0.001558	0.999957	
1556														-0.084957	0.016161	9.831570	0.307921	-0.951402	0.004321	0.951368	0.307947	0.008232	-0.009163	0.001576	0.999957	
1557														-0.070341	0.017220	9.831367	0.307924	-0.951401	0.004313	0.951367	0.307950	0.008251	-0.009178	0.001562	0.999957	
1558														-0.100083	0.030323	9.846257	0.307926	-0.951401	0.004322	0.951366	0.307952	0.008218	-0.009150	0.001581	0.999957	
1559														-0.084632	0.016493	9.816927	0.307944	-0.951395	0.004323	0.951361	0.307970	0.008218	-0.009150	0.001582	0.999957	
1560														-0.084560	0.016707	9.816927	0.307961	-0.951389	0.004344	0.951355	0.307988	0.008229	-0.009167	0.001599	0.999957	
1561														-0.069871	0.017845	9.816724	0.307949	-0.951393	0.004346	0.951359	0.307976	0.008230	-0.009168	0.001601	0.999957	
1562														-0.084076	0.017322	9.831575	0.307938	-0.951397	0.004360	0.951362	0.307964	0.008211	-0.009155	0.001619	0.999957	
1563														-0.085050	0.031981	9.816765	0.307955	-0.951391	0.004366	0.951357	0.307981	0.008226	-0.009171	0.001620	0.999957	
1564														-0.070481	0.032945	9.801915	0.307957	-0.951390	0.004379	0.951356	0.307984	0.008208	-0.009158	0.001638	0.999957	
1565														-0.069211	0.018649	9.816727	0.307960	-0.951389	0.004370	0.951355	0.307987	0.008227	-0.009173	0.001624	0.999957	
1566														-0.083213	0.002889	9.787806	0.307963	-0.951388	0.004387	0.951354	0.307990	0.008223	-0.009175	0.001641	0.999957	
1567														-0.084422	0.032874	9.831413	0.307981	-0.951382	0.004393	0.951348	0.308008	0.008238	-0.009191	0.001642	0.999956	
1568														-0.068872	0.019249	9.831374	0.307984	-0.951381	0.004385	0.951347	0.308011	0.008258	-0.009207	0.001628	0.999956	
1569														-0.098147	0.017201	9.817139	0.308001	-0.951376	0.004368	0.951342	0.308028	0.008247	-0.009192	0.001615	0.999956	
1570														-0.068762	0.019133	9.816729	0.308004	-0.951375	0.004374	0.951341	0.308030	0.008263	-0.009208	0.001617	0.999956	
1571														-0.083181	0.018366	9.831581	0.308021	-0.951370	0.004351	0.951335	0.308047	0.008286	-0.009223	0.001587	0.999956	
1572														-0.069817	0.033699	9.801917	0.308038	-0.951364	0.004383	0.951329	0.308065	0.008278	-0.009225	0.001620	0.999956	
1573														-0.083898	0.033266	9.831416	0.308027	-0.951368	0.004356	0.951333	0.308053	0.008287	-0.009226	0.001592	0.999956	
1574														-0.082686	0.018820	9.846229	0.308030	-0.951367	0.004363	0.951332	0.308056	0.008302	-0.009242	0.001593	0.999956	
1575														-0.083120	0.018350	9.802292	0.308032	-0.951366	0.004346	0.951331	0.308058	0.008292	-0.009228	0.001581	0.999956	
1576														-0.081876	0.003732	9.802461	0.308020	-0.951370	0.004330	0.951335	0.308046	0.008282	-0.009213	0.001568	0.999956	
1577														-0.067464	0.019896	9.846027	0.308052	-0.951360	0.004336	0.951325	0.308078	0.008297	-0.009229	0.001569	0.999956	
1578														-0.082622	0.018725	9.816940	0.308084	-0.951349	0.004350	0.951314	0.308111	0.008341	-0.009275	0.001569	0.999956	
1579														-0.083693	0.033375	9.802127	0.308087	-0.951348	0.004358	0.951313	0.308114	0.008308	-0.009246	0.001586	0.999956	
1580														-0.081304	0.004396	9.817110	0.308076	-0.951352	0.004331	0.951317	0.308102	0.008317	-0.009246	0.001558	0.999956	
1581														-0.081902	0.019187	9.831590	0.308093	-0.951346	0.004333	0.951311	0.308119	0.008317	-0.009247	0.001560	0.999956	
1582														-0.082221	0.018967	9.802299	0.308081	-0.951350	0.004340	0.951315	0.308108	0.008332	-0.009264	0.001562	0.999956	
1583														-0.081950	0.019214	9.816945	0.308083	-0.951350	0.004327	0.951314	0.308110	0.008337	-0.009264	0.001548	0.999956	
1584														-0.081950	0.019280	9.816945	0.308057	-0.951358	0.004338	0.951322	0.308084	0.008367	-0.009296	0.001549	0.999956	
1585														-0.080922	0.004732	9.817113	0.308060	-0.951357	0.004321	0.951322	0.308086	0.008356	-0.009281	0.001536	0.999956	
1586														-0.080895	0.004696	9.802469	0.308077	-0.951352	0.004338	0.951316	0.308104	0.008352	-0.009282	0.001553	0.999956	
1587														-0.067718	0.035309	9.831217	0.308065	-0.951356	0.004315	0.951320	0.308091	0.008376	-0.009298	0.001524	0.999956	
1588														-0.095163	0.004131	9.817325	0.308082	-0.951350	0.004346	0.951314	0.308109	0.008367	-0.009299	0.001557	0.999956	
1589														-0.066470	0.021058	9.831386	0.308056	-0.951358	0.004330	0.951323	0.308082	0.008357	-0.009285	0.001545	0.999956	
1590														-0.081327	0.019734	9.802304	0.308087	-0.951348	0.004321	0.951313	0.308114	0.008376	-0.009300	0.001530	0.999956	
1591														-0.066513	0.020933	9.816741	0.308105	-0.951343	0.004328	0.951307	0.308131	0.008391	-0.009316	0.001531	0.999955	
1592														-0.080978	0.020044	9.816951	0.308093	-0.951347	0.004311	0.951311	0.308119	0.008381	-0.009302	0.001519	0.999956	
1593														-0.095248	0.019412	9.831808	0.308096	-0.951346	0.004332	0.951310	0.308122	0.008392	-0.009319	0.001536	0.999955	
1594														-0.081310	0.020183	9.787659	0.308098	-0.951344	0.004372	0.951309	0.308125	0.008413	-0.009351	0.001567	0.999955	
1595														-0.080721	0.020946	9.831596	0.308101	-0.951344	0.004360	0.951308	0.308128	0.008418	-0.009351	0.001554	0.999955	
1596														-0.065265	0.007250	9.816911	0.308104	-0.951343	0.004381	0.951307	0.308131	0.008428	-0.009368	0.001570	0.999955	
1597														-0.066227	0.021856	9.816741	0.308107	-0.951342	0.004343	0.951306	0.308133	0.008456	-0.009383	0.001526	0.999955	
1598														-0.094960	0.005006	9.788038	0.308109	-0.951341	0.004383	0.951304	0.308137	0.008477	-0.009415	0.001558	0.999954	
1599														-0.066111	0.022393	9.831386	0.308097	-0.951345	0.004385	0.951308	0.308125	0.008477	-0.009416	0.001560	0.999954	
1600														-0.079804	0.006696	9.817121	0.308114	-0.951339	0.004373	0.951303	0.308141	0.008482	-0.009417	0.001547	0.999954	
1601														-0.079727	0.006761	9.817122	0.308117	-0.951339	0.004380	0.951302	0.308144	0.008496	-0.009433	0.001549	0.999954	
1602														-0.080699	0.021515	9.816951	0.308120	-0.951337	0.004386	0.951301	0.308147	0.008512	-0.009449	0.001550	0.999954	
1603														-0.080276	0.021771	9.831598	0.308123	-0.951336	0.004365	0.951300	0.308150	0.008487	-0.009419	0.001537	0.999954	
1604														-0.080252	0.021732	9.816954	0.308126	-0.951335	0.004386	0.951299	0.308153	0.008498	-0.009436	0.001554	0.999954	
1605														-0.079153	0.007364	9.831771	0.308114	-0.951339	0.004367	0.951302	0.308141	0.008535	-0.009466	0.001525	0.999954	
1606														-0.065833	0.022576	9.802097	0.308102	-0.951343	0.004366	0.951306	0.308129	0.008521	-0.009452	0.001528	0.999954	
1607														-0.080931	0.036627	9.816784	0.308104	-0.951343	0.004378	0.951306	0.308131	0.008503	-0.009438	0.001545	0.999954	
1608														-0.094493	0.021103	9.817167	0.308107	-0.951342	0.004360	0.951305	0.308134	0.008540	-0.009468	0.001516	0.999954	
1609														-0.080150	0.021879	9.802310	0.308109	-0.951341	0.004366	0.951304	0.308137	0.008555	-0.009484	0.001518	0.999954	
1610														-0.064285	0.008641	9.816917	0.308141	-0.951331	0.004383	0.951293	0.308169	0.008551	-0.009486	0.001535	0.999954	
1611														-0.093081	0.006789	9.831987	0.308158	-0.951325	0.004322	0.951288	0.308185	0.008554	-0.009469	0.001476	0.999954	
1612														-0.078506	0.007352	9.817131	0.308131	-0.951334	0.004314	0.951297	0.308158	0.008573	-0.009485	0.001462	0.999954	
1613														-0.078507	0.007493	9.817131	0.308134	-0.951333	0.004335	0.951296	0.308161	0.008583	-0.009502	0.001479	0.999954	
1614														-0.079298	0.022582	9.831604	0.308136	-0.951332	0.004356	0.951295	0.308163	0.008594	-0.009518	0.001496	0.999954	
1615														-0.077528	-0.006694	9.817303	0.308139	-0.951331	0.004348	0.951294	0.308166	0.008613	-0.009534	0.001482	0.999953	
1616														-0.079627	0.022489	9.802312	0.308142	-0.951330	0.004364	0.951293	0.308169	0.008609	-0.009535	0.001499	0.999953	
1617														-0.064943	0.023691	9.802101	0.308130	-0.951334	0.004371	0.951296	0.308157	0.008624	-0.009552	0.001501	0.999953	
1618														-0.079437	0.023104	9.816957	0.308132	-0.951333	0.004396	0.951295	0.308160	0.008650	-0.009584	0.001517	0.999953	
1619														-0.078720	0.008363	9.802484	0.308149	-0.951328	0.004373	0.951290	0.308176	0.008673	-0.009598	0.001487	0.999953	
1620														-0.078497	0.008509	9.802486	0.308137	-0.951332	0.004396	0.951294	0.308165	0.008635	-0.009570	0.001521	0.999953	
1621														-0.079469	0.023156	9.787668	0.308140	-0.951331	0.004388	0.951293	0.308167	0.008654	-0.009585	0.001507	0.999953	
1622														-0.077998	0.008912	9.817134	0.308128	-0.951335	0.004375	0.951297	0.308155	0.008658	-0.009585	0.001494	0.999953	
1623														-0.078123	0.008792	9.802489	0.308116	-0.951339	0.004382	0.951300	0.308144	0.008673	-0.009601	0.001496	0.999953	
1624														-0.079989	0.038344	9.816785	0.308118	-0.951338	0.004392	0.951299	0.308146	0.008703	-0.009633	0.001497	0.999952	
1625														-0.063387	0.010251	9.816921	0.308107	-0.951342	0.004395	0.951303	0.308134	0.008703	-0.009634	0.001499	0.999952	
1626														-0.079047	0.023754	9.802314	0.308080	-0.951350	0.004382	0.951312	0.308108	0.008707	-0.009634	0.001486	0.999952	
1627														-0.092393	0.008553	9.817348	0.308068	-0.951354	0.004418	0.951315	0.308096	0.008714	-0.009651	0.001518	0.999952	
1628														-0.064024	0.025525	9.816747	0.308100	-0.951344	0.004430	0.951305	0.308128	0.008695	-0.009637	0.001535	0.999952	
1629														-0.062882	0.011207	9.816923	0.308074	-0.951352	0.004451	0.951313	0.308102	0.008706	-0.009654	0.001553	0.999952	
1630														-0.078502	0.025112	9.816960	0.308092	-0.951346	0.004472	0.951308	0.308120	0.008716	-0.009670	0.001569	0.999952	
1631														-0.077504	0.010711	9.817136	0.308095	-0.951345	0.004479	0.951306	0.308123	0.008731	-0.009686	0.001571	0.999952	
1632														-0.079112	0.024889	9.773022	0.308098	-0.951344	0.004485	0.951305	0.308126	0.008746	-0.009702	0.001572	0.999952	
1633														-0.078237	0.025870	9.831605	0.308101	-0.951343	0.004502	0.951304	0.308130	0.008742	-0.009704	0.001589	0.999952	
1634														-0.078087	0.025939	9.831606	0.308103	-0.951342	0.004474	0.951303	0.308132	0.008751	-0.009704	0.001560	0.999952	
1635														-0.079275	0.040316	9.802138	0.308092	-0.951346	0.004502	0.951307	0.308120	0.008728	-0.009690	0.001593	0.999952	
1636														-0.063584	0.026851	9.802101	0.308080	-0.951350	0.004483	0.951311	0.308108	0.008766	-0.009721	0.001564	0.999952	
1637														-0.077718	0.026298	9.831608	0.308082	-0.951349	0.004496	0.951310	0.308111	0.008747	-0.009707	0.001582	0.999952	
1638														-0.092312	0.025322	9.817178	0.308056	-0.951358	0.004498	0.951319	0.308085	0.008748	-0.009708	0.001584	0.999952	
1639														-0.076416	0.012053	9.831788	0.308059	-0.951357	0.004504	0.951318	0.308088	0.008762	-0.009724	0.001586	0.999951	
1640														-0.076749	0.011883	9.802496	0.308062	-0.951356	0.004521	0.951317	0.308091	0.008758	-0.009725	0.001603	0.999951	
1641														-0.062271	0.012990	9.787635	0.308065	-0.951355	0.004542	0.951316	0.308094	0.008769	-0.009742	0.001620	0.999951	
1642														-0.090814	0.011691	9.832004	0.308068	-0.951354	0.004530	0.951315	0.308097	0.008773	-0.009742	0.001606	0.999951	
1643														-0.077348	0.027336	9.816963	0.308085	-0.951348	0.004565	0.951309	0.308115	0.008779	-0.009759	0.001638	0.999951	
1644														-0.063098	0.028511	9.802100	0.308088	-0.951347	0.004595	0.951307	0.308118	0.008819	-0.009806	0.001654	0.999951	
1645														-0.091456	0.012004	9.802709	0.308091	-0.951346	0.004586	0.951306	0.308120	0.008838	-0.009821	0.001640	0.999950	
1646														-0.076694	0.013089	9.802495	0.308079	-0.951350	0.004584	0.951310	0.308108	0.008823	-0.009806	0.001643	0.999951	
1647														-0.091972	0.026951	9.817177	0.308067	-0.951354	0.004576	0.951314	0.308096	0.008842	-0.009822	0.001629	0.999950	
1648														-0.076468	0.013227	9.802497	0.308069	-0.951353	0.004578	0.951313	0.308099	0.008842	-0.009822	0.001631	0.999950	
1649														-0.077213	0.028176	9.816962	0.308072	-0.951352	0.004584	0.951312	0.308102	0.008857	-0.009838	0.001633	0.999950	
1650														-0.063549	0.043875	9.816565	0.308061	-0.951356	0.004572	0.951316	0.308091	0.008861	-0.009839	0.001620	0.999950	
1651														-0.076046	0.013850	9.817144	0.308049	-0.951359	0.004608	0.951319	0.308079	0.008868	-0.009856	0.001652	0.999950	
1652														-0.090734	0.012967	9.817359	0.308037	-0.951363	0.004589	0.951323	0.308067	0.008906	-0.009886	0.001622	0.999950	
1653														-0.077202	0.028547	9.802316	0.308054	-0.951358	0.004612	0.951318	0.308084	0.008868	-0.009858	0.001656	0.999950	
1654														-0.060941	0.015648	9.831574	0.308057	-0.951357	0.004619	0.951317	0.308087	0.008883	-0.009873	0.001658	0.999950	
1655														-0.075629	0.014762	9.831790	0.308046	-0.951360	0.004630	0.951320	0.308076	0.008912	-0.009905	0.001659	0.999950	
1656														-0.091473	0.028289	9.817178	0.308062	-0.951355	0.004632	0.951315	0.308092	0.008912	-0.009906	0.001661	0.999950	
1657														-0.075760	0.014844	9.817144	0.308065	-0.951354	0.004638	0.951314	0.308095	0.008926	-0.009921	0.001663	0.999949	
1658														-0.076923	0.029470	9.802316	0.308096	-0.951344	0.004655	0.951303	0.308127	0.008922	-0.009922	0.001679	0.999949	
1659														-0.089869	0.014297	9.832009	0.308084	-0.951348	0.004624	0.951308	0.308114	0.008916	-0.009907	0.001652	0.999950	
1660														-0.075564	0.014658	9.787857	0.308087	-0.951347	0.004607	0.951307	0.308117	0.008906	-0.009892	0.001639	0.999950	
1661														-0.090293	0.028829	9.831831	0.308118	-0.951337	0.004590	0.951297	0.308148	0.008895	-0.009876	0.001626	0.999950	
1662														-0.059055	0.001543	9.817117	0.308092	-0.951346	0.004597	0.951305	0.308122	0.008909	-0.009892	0.001628	0.999950	
1663														-0.075538	0.030147	9.831614	0.308079	-0.951349	0.004618	0.951309	0.308110	0.008919	-0.009908	0.001645	0.999950	
1664														-0.089454	0.014396	9.802725	0.308082	-0.951348	0.004635	0.951308	0.308112	0.008915	-0.009910	0.001663	0.999950	
1665														-0.075534	0.030533	9.816968	0.308099	-0.951343	0.004652	0.951303	0.308130	0.008911	-0.009910	0.001680	0.999949	
1666														-0.089036	0.015174	9.817371	0.308117	-0.951337	0.004673	0.951297	0.308148	0.008921	-0.009927	0.001697	0.999949	
1667														-0.074275	0.016281	9.817153	0.308105	-0.951341	0.004642	0.951301	0.308135	0.008915	-0.009911	0.001669	0.999949	
1668														-0.074119	0.016202	9.817155	0.308108	-0.951340	0.004633	0.951300	0.308138	0.008934	-0.009926	0.001655	0.999949	
1669														-0.073971	0.016346	9.817156	0.308110	-0.951339	0.004646	0.951299	0.308141	0.008915	-0.009913	0.001673	0.999949	
1670														-0.074945	0.031172	9.816970	0.308114	-0.951338	0.004656	0.951298	0.308144	0.008945	-0.009944	0.001673	0.999949	
1671														-0.075076	0.031039	9.802325	0.308101	-0.951342	0.004639	0.951302	0.308132	0.008934	-0.009929	0.001661	0.999949	
1672														-0.073390	0.016829	9.831804	0.308104	-0.951342	0.004627	0.951301	0.308134	0.008939	-0.009929	0.001647	0.999949	
1673														-0.074849	0.031100	9.802327	0.308121	-0.951336	0.004637	0.951295	0.308151	0.008968	-0.009961	0.001648	0.999949	
1674														-0.073726	0.016557	9.802513	0.308095	-0.951344	0.004620	0.951304	0.308125	0.008958	-0.009945	0.001635	0.999949	
1675														-0.088051	0.015706	9.817379	0.308097	-0.951344	0.004616	0.951303	0.308128	0.008991	-0.009976	0.001621	0.999949	
1676														-0.087848	0.016118	9.832025	0.308115	-0.951338	0.004647	0.951297	0.308146	0.008983	-0.009978	0.001653	0.999949	
1677														-0.074427	0.031792	9.816972	0.308089	-0.951346	0.004639	0.951305	0.308119	0.009002	-0.009993	0.001640	0.999949	
1678														-0.072040	0.002844	9.831991	0.308091	-0.951346	0.004641	0.951304	0.308122	0.009002	-0.009994	0.001642	0.999949	
1679														-0.087890	0.016070	9.802736	0.308093	-0.951345	0.004625	0.951304	0.308124	0.008992	-0.009979	0.001629	0.999949	
1680														-0.088797	0.030823	9.802550	0.308082	-0.951348	0.004645	0.951307	0.308113	0.009002	-0.009996	0.001646	0.999949	
1681														-0.086332	0.001954	9.817571	0.308056	-0.951357	0.004629	0.951316	0.308086	0.008992	-0.009980	0.001633	0.999949	
1682														-0.102903	0.030188	9.817420	0.308074	-0.951351	0.004634	0.951310	0.308104	0.009006	-0.009996	0.001634	0.999949	
1683														-0.072833	0.017473	9.802518	0.308062	-0.951355	0.004611	0.951314	0.308092	0.009029	-0.010011	0.001605	0.999949	
1684														-0.085962	0.002131	9.832218	0.308034	-0.951364	0.004603	0.951322	0.308065	0.009048	-0.010026	0.001592	0.999948	
1685														-0.101766	0.015694	9.817607	0.308081	-0.951349	0.004634	0.951307	0.308111	0.009039	-0.010027	0.001624	0.999948	
1686														-0.072552	0.018020	9.817163	0.308069	-0.951353	0.004629	0.951311	0.308099	0.009073	-0.010058	0.001609	0.999948	
1687														-0.073689	0.032692	9.816975	0.308057	-0.951357	0.004636	0.951315	0.308088	0.009088	-0.010074	0.001611	0.999948	
1688														-0.087519	0.016957	9.802738	0.308059	-0.951356	0.004647	0.951314	0.308090	0.009117	-0.010105	0.001612	0.999948	
1689														-0.087181	0.017499	9.832028	0.308062	-0.951355	0.004653	0.951312	0.308093	0.009132	-0.010121	0.001613	0.999947	
1690														-0.088712	0.031414	9.787905	0.308079	-0.951350	0.004607	0.951307	0.308109	0.009129	-0.010105	0.001570	0.999948	
1691														-0.072544	0.018266	9.817163	0.308081	-0.951349	0.004632	0.951306	0.308112	0.009154	-0.010136	0.001586	0.999947	
1692														-0.087230	0.017340	9.817384	0.308054	-0.951358	0.004624	0.951315	0.308085	0.009173	-0.010152	0.001573	0.999947	
1693														-0.073751	0.032955	9.802329	0.308057	-0.951357	0.004637	0.951314	0.308088	0.009154	-0.010137	0.001591	0.999947	
1694														-0.086940	0.017780	9.817386	0.308045	-0.951360	0.004658	0.951318	0.308076	0.009165	-0.010154	0.001608	0.999947	
1695														-0.085874	0.003385	9.817574	0.308049	-0.951359	0.004664	0.951316	0.308080	0.009180	-0.010170	0.001609	0.999947	
1696														-0.085158	-0.011370	9.803117	0.308051	-0.951358	0.004664	0.951315	0.308082	0.009227	-0.010215	0.001594	0.999947	
1697														-0.088104	0.032846	9.831839	0.308054	-0.951358	0.004655	0.951314	0.308085	0.009246	-0.010230	0.001580	0.999946	
1698														-0.072691	0.019042	9.802516	0.308056	-0.951357	0.004668	0.951313	0.308087	0.009227	-0.010216	0.001598	0.999947	
1699														-0.072125	0.019524	9.831808	0.308043	-0.951361	0.004646	0.951317	0.308074	0.009250	-0.010231	0.001570	0.999946	
1700														-0.085850	0.003579	9.802931	0.308060	-0.951355	0.004669	0.951312	0.308091	0.009213	-0.010203	0.001603	0.999947	
1701														-0.072759	0.034502	9.831620	0.308034	-0.951364	0.004660	0.951320	0.308065	0.009232	-0.010218	0.001590	0.999947	
1702														-0.086634	0.018550	9.802743	0.308051	-0.951358	0.004677	0.951315	0.308082	0.009227	-0.010219	0.001607	0.999946	
1703														-0.101173	0.017762	9.802966	0.308054	-0.951357	0.004698	0.951314	0.308085	0.009238	-0.010236	0.001624	0.999946	
1704														-0.085797	0.019753	9.846680	0.308042	-0.951361	0.004710	0.951318	0.308074	0.009219	-0.010222	0.001641	0.999946	
1705														-0.085995	0.019561	9.817391	0.308045	-0.951360	0.004712	0.951317	0.308077	0.009219	-0.010222	0.001643	0.999946	
1706														-0.100382	0.018704	9.817616	0.308033	-0.951364	0.004725	0.951321	0.308065	0.009200	-0.010208	0.001661	0.999947	
1707														-0.070150	0.006267	9.802715	0.308051	-0.951358	0.004732	0.951315	0.308083	0.009214	-0.010224	0.001663	0.999946	
1708														-0.070662	0.021359	9.831815	0.308055	-0.951357	0.004715	0.951314	0.308087	0.009204	-0.010209	0.001650	0.999947	
1709														-0.099789	0.019138	9.817622	0.308028	-0.951365	0.004727	0.951323	0.308060	0.009186	-0.010195	0.001668	0.999947	
1710														-0.084101	0.005828	9.817589	0.308031	-0.951364	0.004742	0.951321	0.308063	0.009230	-0.010242	0.001668	0.999946	
1711														-0.071610	0.036469	9.831622	0.308019	-0.951368	0.004748	0.951325	0.308051	0.009244	-0.010257	0.001670	0.999946	
1712														-0.069575	0.007264	9.817363	0.308022	-0.951367	0.004765	0.951324	0.308054	0.009240	-0.010259	0.001686	0.999946	
1713														-0.085124	0.021003	9.817395	0.308025	-0.951366	0.004767	0.951323	0.308057	0.009240	-0.010259	0.001688	0.999946	
1714														-0.083808	0.006468	9.817591	0.308028	-0.951365	0.004750	0.951322	0.308060	0.009230	-0.010244	0.001676	0.999946	
1715														-0.083868	0.006328	9.802947	0.308016	-0.951369	0.004756	0.951326	0.308048	0.009245	-0.010260	0.001677	0.999946	
1716														-0.083654	0.006600	9.817592	0.308048	-0.951359	0.004748	0.951315	0.308080	0.009263	-0.010276	0.001663	0.999946	
1717														-0.070354	0.022225	9.802526	0.308021	-0.951368	0.004769	0.951324	0.308053	0.009274	-0.010292	0.001680	0.999946	
1718														-0.085037	0.021272	9.802751	0.308009	-0.951371	0.004764	0.951327	0.308041	0.009307	-0.010323	0.001666	0.999945	
1719														-0.084013	0.006654	9.802945	0.307998	-0.951375	0.004756	0.951331	0.308030	0.009326	-0.010338	0.001652	0.999945	
1720														-0.084898	0.021536	9.817396	0.307986	-0.951379	0.004763	0.951335	0.308018	0.009341	-0.010354	0.001654	0.999945	
1721														-0.084901	0.021675	9.817396	0.307989	-0.951378	0.004769	0.951333	0.308021	0.009355	-0.010369	0.001656	0.999945	
1722														-0.069406	0.008017	9.802719	0.307977	-0.951382	0.004761	0.951337	0.308009	0.009374	-0.010385	0.001642	0.999945	
1723														-0.099505	0.020708	9.817621	0.307965	-0.951386	0.004767	0.951341	0.307997	0.009389	-0.010401	0.001644	0.999945	
1724														-0.070355	0.022760	9.802525	0.307967	-0.951385	0.004751	0.951340	0.307999	0.009378	-0.010385	0.001631	0.999945	
1725														-0.070413	0.022543	9.787881	0.307969	-0.951384	0.004742	0.951339	0.308002	0.009396	-0.010399	0.001618	0.999945	
1726														-0.070873	0.037793	9.816977	0.307987	-0.951379	0.004765	0.951334	0.308019	0.009357	-0.010370	0.001651	0.999945	
1727														-0.069478	0.023486	9.817174	0.307990	-0.951378	0.004767	0.951333	0.308022	0.009357	-0.010370	0.001653	0.999945	
1728														-0.084014	0.022602	9.817401	0.307978	-0.951381	0.004788	0.951337	0.308011	0.009368	-0.010387	0.001670	0.999945	
1729														-0.084091	0.022740	9.817400	0.307965	-0.951386	0.004784	0.951341	0.307998	0.009401	-0.010418	0.001656	0.999944	
1730														-0.083196	0.007985	9.802951	0.307968	-0.951385	0.004786	0.951340	0.308001	0.009401	-0.010418	0.001658	0.999944	
1731														-0.083263	0.007993	9.788307	0.307942	-0.951393	0.004803	0.951348	0.307975	0.009397	-0.010420	0.001676	0.999944	
1732														-0.083952	0.023238	9.817400	0.307959	-0.951387	0.004813	0.951342	0.307992	0.009426	-0.010450	0.001676	0.999944	
1733														-0.068160	0.009803	9.817370	0.307990	-0.951377	0.004796	0.951332	0.308023	0.009415	-0.010435	0.001663	0.999944	
1734														-0.083939	0.023228	9.802756	0.307993	-0.951376	0.004817	0.951331	0.308026	0.009425	-0.010451	0.001680	0.999944	
1735														-0.082759	0.008913	9.802954	0.307996	-0.951375	0.004834	0.951330	0.308029	0.009421	-0.010452	0.001697	0.999944	
1736														-0.069203	0.024994	9.802528	0.307984	-0.951379	0.004870	0.951334	0.308017	0.009427	-0.010469	0.001729	0.999944	
1737														-0.067804	0.010749	9.817372	0.307972	-0.951383	0.004843	0.951338	0.308005	0.009436	-0.010468	0.001701	0.999944	
1738														-0.082054	0.010053	9.846890	0.307989	-0.951378	0.004857	0.951332	0.308022	0.009479	-0.010515	0.001701	0.999943	
1739														-0.098336	0.022965	9.802984	0.307963	-0.951386	0.004836	0.951340	0.307997	0.009454	-0.010484	0.001690	0.999944	
1740														-0.067788	0.010737	9.802728	0.307966	-0.951385	0.004857	0.951339	0.308000	0.009464	-0.010500	0.001706	0.999943	
1741														-0.112155	0.022705	9.847150	0.307955	-0.951389	0.004838	0.951343	0.307988	0.009502	-0.010530	0.001676	0.999943	
1742														-0.069193	0.025254	9.787883	0.307942	-0.951393	0.004855	0.951347	0.307976	0.009498	-0.010531	0.001694	0.999943	
1743														-0.083228	0.024791	9.817403	0.307930	-0.951396	0.004857	0.951351	0.307964	0.009498	-0.010532	0.001696	0.999943	
1744														-0.082037	0.010404	9.817602	0.307918	-0.951400	0.004877	0.951355	0.307952	0.009508	-0.010548	0.001712	0.999943	
1745														-0.084287	0.039829	9.817202	0.307891	-0.951409	0.004884	0.951363	0.307925	0.009523	-0.010564	0.001714	0.999943	
1746														-0.083303	0.025077	9.802757	0.307878	-0.951413	0.004872	0.951367	0.307912	0.009527	-0.010564	0.001702	0.999943	
1747														-0.068198	0.026698	9.831819	0.307895	-0.951408	0.004878	0.951362	0.307929	0.009541	-0.010580	0.001703	0.999943	
1748														-0.083368	0.025066	9.788113	0.307883	-0.951412	0.004880	0.951365	0.307917	0.009541	-0.010580	0.001705	0.999943	
1749														-0.082864	0.025582	9.802760	0.307901	-0.951406	0.004903	0.951360	0.307935	0.009503	-0.010551	0.001738	0.999943	
1750														-0.081229	0.011421	9.817608	0.307889	-0.951410	0.004890	0.951364	0.307923	0.009507	-0.010551	0.001725	0.999943	
1751														-0.082790	0.025801	9.788116	0.307892	-0.951409	0.004930	0.951363	0.307926	0.009528	-0.010583	0.001756	0.999942	
1752														-0.067627	0.027868	9.831820	0.307895	-0.951407	0.004936	0.951361	0.307930	0.009542	-0.010599	0.001757	0.999942	
1753														-0.080400	-0.002764	9.803163	0.307883	-0.951411	0.004942	0.951365	0.307918	0.009557	-0.010614	0.001759	0.999942	
1754														-0.082088	0.027100	9.832050	0.307901	-0.951406	0.004954	0.951359	0.307935	0.009538	-0.010600	0.001776	0.999942	
1755														-0.083433	0.041559	9.802558	0.307903	-0.951405	0.004970	0.951359	0.307938	0.009533	-0.010601	0.001793	0.999942	
1756														-0.079823	-0.001816	9.817812	0.307891	-0.951408	0.004981	0.951362	0.307926	0.009563	-0.010632	0.001795	0.999942	
1757														-0.080887	0.013004	9.817609	0.307894	-0.951407	0.004993	0.951361	0.307930	0.009544	-0.010618	0.001812	0.999942	
1758														-0.080592	0.013229	9.817611	0.307883	-0.951411	0.004992	0.951365	0.307919	0.009529	-0.010603	0.001815	0.999942	
1759														-0.080369	0.013378	9.817613	0.307871	-0.951415	0.004994	0.951369	0.307906	0.009529	-0.010604	0.001818	0.999942	
1760														-0.066616	0.029479	9.831822	0.307873	-0.951414	0.005000	0.951368	0.307909	0.009543	-0.010619	0.001819	0.999942	
1761														-0.080366	0.013517	9.802969	0.307876	-0.951413	0.005013	0.951368	0.307911	0.009524	-0.010605	0.001837	0.999942	
1762														-0.096672	0.042249	9.832082	0.307879	-0.951412	0.005019	0.951366	0.307914	0.009539	-0.010621	0.001838	0.999942	
1763														-0.079779	0.014032	9.817616	0.307853	-0.951421	0.004998	0.951375	0.307888	0.009513	-0.010590	0.001826	0.999942	
1764														-0.064100	0.000416	9.802945	0.307871	-0.951415	0.005009	0.951369	0.307906	0.009543	-0.010621	0.001827	0.999942	
1765														-0.080994	0.028767	9.802766	0.307888	-0.951409	0.005040	0.951363	0.307924	0.009534	-0.010622	0.001860	0.999942	
1766														-0.065181	0.015595	9.802739	0.307891	-0.951408	0.005046	0.951362	0.307927	0.009548	-0.010638	0.001860	0.999942	
1767														-0.079562	0.014666	9.817617	0.307894	-0.951407	0.005022	0.951361	0.307929	0.009571	-0.010652	0.001831	0.999942	
1768														-0.079557	0.014654	9.817617	0.307896	-0.951407	0.005028	0.951360	0.307931	0.009585	-0.010667	0.001832	0.999941	
1769														-0.095375	0.028033	9.803000	0.307884	-0.951411	0.005026	0.951364	0.307920	0.009570	-0.010653	0.001835	0.999942	
1770														-0.063144	0.001718	9.832238	0.307887	-0.951410	0.005023	0.951363	0.307923	0.009555	-0.010638	0.001837	0.999942	
1771														-0.079746	0.029927	9.832061	0.307876	-0.951413	0.005022	0.951367	0.307911	0.009540	-0.010623	0.001840	0.999942	
1772														-0.093487	0.013942	9.817856	0.307863	-0.951417	0.005011	0.951371	0.307898	0.009607	-0.010683	0.001809	0.999941	
1773														-0.078736	0.015225	9.832267	0.307865	-0.951417	0.004994	0.951370	0.307901	0.009597	-0.010668	0.001797	0.999941	
1774														-0.078651	0.015075	9.817624	0.307882	-0.951412	0.004992	0.951365	0.307917	0.009582	-0.010653	0.001799	0.999942	
1775														-0.078360	0.015440	9.832269	0.307870	-0.951415	0.005003	0.951368	0.307906	0.009611	-0.010685	0.001800	0.999941	
1776														-0.063978	0.016507	9.817390	0.307873	-0.951414	0.005004	0.951367	0.307909	0.009611	-0.010685	0.001802	0.999941	
1777														-0.094189	0.028948	9.817653	0.307877	-0.951413	0.005007	0.951366	0.307912	0.009611	-0.010685	0.001804	0.999941	
1778														-0.078501	0.015419	9.802981	0.307864	-0.951417	0.005008	0.951370	0.307900	0.009610	-0.010686	0.001806	0.999941	
1779														-0.093970	0.029234	9.817654	0.307853	-0.951421	0.005015	0.951374	0.307889	0.009625	-0.010701	0.001808	0.999941	
1780														-0.078138	0.015931	9.817627	0.307842	-0.951424	0.005017	0.951377	0.307877	0.009624	-0.010701	0.001810	0.999941	
1781														-0.080606	0.045124	9.802566	0.307843	-0.951424	0.005038	0.951377	0.307879	0.009634	-0.010717	0.001827	0.999941	
1782														-0.079739	0.030358	9.788128	0.307831	-0.951428	0.005019	0.951380	0.307867	0.009672	-0.010747	0.001797	0.999941	
1783														-0.063681	0.017135	9.802746	0.307833	-0.951427	0.005016	0.951380	0.307869	0.009656	-0.010732	0.001800	0.999941	
1784														-0.092656	0.014889	9.803219	0.307836	-0.951426	0.005003	0.951379	0.307871	0.009660	-0.010731	0.001786	0.999941	
1785														-0.078925	0.030943	9.817421	0.307822	-0.951431	0.005010	0.951383	0.307858	0.009674	-0.010747	0.001788	0.999941	
1786														-0.077173	0.016867	9.846920	0.307811	-0.951434	0.004993	0.951387	0.307846	0.009664	-0.010731	0.001775	0.999941	
1787														-0.077460	0.016485	9.817631	0.307799	-0.951438	0.004999	0.951391	0.307834	0.009678	-0.010747	0.001777	0.999941	
1788														-0.064173	0.032166	9.802541	0.307787	-0.951442	0.005001	0.951395	0.307822	0.009678	-0.010747	0.001779	0.999941	
1789														-0.075852	0.002400	9.832486	0.307804	-0.951437	0.005003	0.951389	0.307840	0.009678	-0.010748	0.001781	0.999941	
1790														-0.078332	0.031438	9.817424	0.307807	-0.951436	0.004994	0.951388	0.307843	0.009696	-0.010762	0.001767	0.999941	
1791														-0.077161	0.016901	9.817633	0.307810	-0.951435	0.005001	0.951387	0.307846	0.009710	-0.010778	0.001769	0.999940	
1792														-0.077016	0.017120	9.817634	0.307812	-0.951434	0.005013	0.951386	0.307848	0.009691	-0.010763	0.001787	0.999940	
1793														-0.062342	0.018287	9.802753	0.307801	-0.951438	0.005011	0.951390	0.307836	0.009676	-0.010749	0.001789	0.999941	
1794														-0.061753	0.018890	9.832044	0.307803	-0.951437	0.005017	0.951389	0.307839	0.009690	-0.010764	0.001790	0.999940	
1795														-0.091247	0.016240	9.803230	0.307763	-0.951450	0.005015	0.951402	0.307798	0.009676	-0.010749	0.001794	0.999941	
1796														-0.075178	0.003181	9.817848	0.307810	-0.951435	0.005025	0.951387	0.307846	0.009704	-0.010780	0.001794	0.999940	
1797														-0.090875	0.016670	9.817877	0.307812	-0.951434	0.005009	0.951386	0.307847	0.009693	-0.010765	0.001781	0.999940	
1798														-0.076131	0.018064	9.817639	0.307800	-0.951438	0.005045	0.951390	0.307836	0.009700	-0.010782	0.001814	0.999940	
1799														-0.077168	0.032959	9.817428	0.307788	-0.951442	0.005042	0.951394	0.307824	0.009685	-0.010766	0.001816	0.999940	
1800														-0.075767	0.018510	9.817641	0.307777	-0.951445	0.005044	0.951398	0.307813	0.009685	-0.010767	0.001818	0.999940	
1801														-0.090739	0.017088	9.788590	0.307794	-0.951440	0.005065	0.951392	0.307830	0.009695	-0.010783	0.001835	0.999940	
1802														-0.075701	0.018938	9.817641	0.307797	-0.951439	0.005071	0.951391	0.307833	0.009709	-0.010799	0.001836	0.999940	
1803														-0.089191	0.003219	9.818091	0.307800	-0.951438	0.005066	0.951389	0.307836	0.009742	-0.010829	0.001821	0.999940	
1804														-0.075918	0.018761	9.802996	0.307773	-0.951446	0.005049	0.951398	0.307809	0.009732	-0.010813	0.001809	0.999940	
1805														-0.089843	0.017968	9.832527	0.307760	-0.951451	0.005023	0.951403	0.307796	0.009739	-0.010813	0.001781	0.999940	
1806														-0.076345	0.033592	9.832076	0.307748	-0.951455	0.005000	0.951406	0.307784	0.009762	-0.010827	0.001752	0.999940	
1807														-0.075524	0.018523	9.802999	0.307766	-0.951449	0.005001	0.951401	0.307801	0.009761	-0.010827	0.001754	0.999940	
1808														-0.088413	0.003266	9.832741	0.307782	-0.951444	0.004992	0.951395	0.307818	0.009780	-0.010841	0.001740	0.999940	
1809														-0.090936	0.032296	9.817673	0.307785	-0.951443	0.004994	0.951394	0.307821	0.009779	-0.010842	0.001742	0.999940	
1810														-0.075149	0.019021	9.817645	0.307803	-0.951437	0.005004	0.951388	0.307839	0.009808	-0.010873	0.001742	0.999939	
1811														-0.089746	0.017897	9.817885	0.307776	-0.951446	0.004992	0.951397	0.307812	0.009812	-0.010872	0.001729	0.999939	
1812														-0.075148	0.019152	9.817644	0.307765	-0.951449	0.005002	0.951400	0.307801	0.009841	-0.010903	0.001730	0.999939	
1813														-0.089821	0.017877	9.803241	0.307753	-0.951453	0.004995	0.951404	0.307788	0.009811	-0.010873	0.001733	0.999939	
1814														-0.090646	0.032852	9.817674	0.307756	-0.951452	0.005005	0.951403	0.307792	0.009840	-0.010903	0.001733	0.999939	
1815														-0.075075	0.019277	9.803001	0.307744	-0.951456	0.004992	0.951407	0.307780	0.009844	-0.010903	0.001720	0.999939	
1816														-0.073728	0.004748	9.803215	0.307761	-0.951451	0.004994	0.951401	0.307796	0.009844	-0.010903	0.001722	0.999939	
1817														-0.075754	0.034396	9.817434	0.307734	-0.951459	0.005011	0.951410	0.307770	0.009840	-0.010904	0.001740	0.999939	
1818														-0.089386	0.018661	9.803243	0.307737	-0.951458	0.005036	0.951409	0.307773	0.009864	-0.010935	0.001755	0.999939	
1819														-0.074941	0.019838	9.788357	0.307753	-0.951453	0.005033	0.951404	0.307789	0.009849	-0.010920	0.001758	0.999939	
1820														-0.088645	0.019485	9.832535	0.307771	-0.951447	0.005035	0.951398	0.307807	0.009848	-0.010920	0.001759	0.999939	
1821														-0.074201	0.020664	9.817648	0.307773	-0.951446	0.005055	0.951397	0.307810	0.009858	-0.010936	0.001776	0.999939	
1822														-0.074427	0.020793	9.817647	0.307775	-0.951446	0.005059	0.951395	0.307812	0.009921	-0.010996	0.001760	0.999938	
1823														-0.090229	0.034477	9.832316	0.307793	-0.951440	0.005065	0.951390	0.307829	0.009935	-0.011012	0.001761	0.999938	
1824														-0.073371	0.006390	9.817860	0.307780	-0.951444	0.005067	0.951394	0.307817	0.009935	-0.011012	0.001763	0.999938	
1825														-0.088803	0.020165	9.832532	0.307783	-0.951443	0.005069	0.951393	0.307820	0.009934	-0.011012	0.001765	0.999938	
1826														-0.074285	0.021354	9.817646	0.307771	-0.951447	0.005085	0.951397	0.307808	0.009929	-0.011013	0.001782	0.999938	
1827														-0.087675	0.005691	9.818104	0.307774	-0.951446	0.005081	0.951395	0.307811	0.009962	-0.011043	0.001768	0.999937	
1828														-0.074137	0.021564	9.817647	0.307762	-0.951450	0.005075	0.951400	0.307799	0.009932	-0.011012	0.001771	0.999938	
1829														-0.088810	0.020268	9.803245	0.307750	-0.951454	0.005085	0.951403	0.307787	0.009961	-0.011043	0.001772	0.999937	
1830														-0.089034	0.020100	9.788600	0.307709	-0.951467	0.005073	0.951416	0.307746	0.009966	-0.011043	0.001760	0.999937	
1831														-0.073468	0.022320	9.846938	0.307712	-0.951466	0.005079	0.951415	0.307749	0.009980	-0.011059	0.001761	0.999937	
1832														-0.072633	0.007469	9.817865	0.307701	-0.951470	0.005095	0.951419	0.307738	0.009976	-0.011060	0.001778	0.999937	
1833														-0.073779	0.022358	9.817648	0.307704	-0.951468	0.005116	0.951418	0.307741	0.009986	-0.011076	0.001795	0.999937	
1834														-0.072720	0.007743	9.803221	0.307678	-0.951477	0.005118	0.951426	0.307715	0.009986	-0.011076	0.001797	0.999937	
1835														-0.074313	0.022311	9.788357	0.307680	-0.951476	0.005151	0.951425	0.307718	0.010040	-0.011137	0.001812	0.999936	
1836														-0.058282	0.009379	9.802976	0.307667	-0.951480	0.005145	0.951429	0.307705	0.010010	-0.011107	0.001815	0.999937	
1837														-0.088547	0.021540	9.788602	0.307670	-0.951479	0.005157	0.951428	0.307708	0.009990	-0.011093	0.001833	0.999937	
1838														-0.088104	0.021999	9.803248	0.307674	-0.951478	0.005159	0.951427	0.307712	0.009990	-0.011092	0.001835	0.999937	
1839														-0.073211	0.023595	9.817649	0.307661	-0.951482	0.005165	0.951431	0.307699	0.010004	-0.011108	0.001836	0.999937	
1840														-0.073438	0.023496	9.803004	0.307665	-0.951481	0.005171	0.951430	0.307703	0.010018	-0.011123	0.001838	0.999936	
1841														-0.086589	0.008060	9.818112	0.307652	-0.951485	0.005177	0.951434	0.307690	0.010032	-0.011139	0.001839	0.999936	
1842														-0.089179	0.037003	9.803029	0.307669	-0.951479	0.005149	0.951428	0.307707	0.010040	-0.011137	0.001810	0.999936	
1843														-0.072914	0.024014	9.817651	0.307658	-0.951483	0.005177	0.951432	0.307696	0.010016	-0.011123	0.001844	0.999936	
1844														-0.087663	0.022699	9.803250	0.307617	-0.951496	0.005158	0.951445	0.307655	0.010054	-0.011153	0.001815	0.999936	
1845														-0.072846	0.024302	9.817650	0.307607	-0.951499	0.005189	0.951448	0.307645	0.010045	-0.011154	0.001847	0.999936	
1846														-0.086449	0.008533	9.803470	0.307610	-0.951498	0.005199	0.951447	0.307649	0.010074	-0.011185	0.001848	0.999936	
1847														-0.087678	0.023267	9.803249	0.307598	-0.951502	0.005201	0.951451	0.307637	0.010074	-0.011185	0.001850	0.999936	
1848														-0.072556	0.025038	9.832294	0.307616	-0.951497	0.005192	0.951445	0.307654	0.010092	-0.011199	0.001835	0.999936	
1849														-0.086295	0.008801	9.803471	0.307618	-0.951496	0.005194	0.951444	0.307657	0.010091	-0.011200	0.001837	0.999936	
1850														-0.071634	0.010321	9.803226	0.307592	-0.951504	0.005229	0.951452	0.307631	0.010098	-0.011217	0.001869	0.999935	
1851														-0.085779	0.009715	9.832760	0.307610	-0.951498	0.005206	0.951446	0.307648	0.010120	-0.011231	0.001840	0.999935	
1852														-0.087461	0.023890	9.803249	0.307583	-0.951507	0.005227	0.951455	0.307622	0.010130	-0.011247	0.001857	0.999935	
1853														-0.057829	0.027121	9.832048	0.307615	-0.951497	0.005247	0.951444	0.307654	0.010140	-0.011262	0.001873	0.999935	
1854														-0.071347	0.011344	9.817871	0.307603	-0.951500	0.005264	0.951448	0.307642	0.010135	-0.011263	0.001891	0.999935	
1855														-0.086246	0.009774	9.788827	0.307590	-0.951504	0.005252	0.951452	0.307629	0.010139	-0.011263	0.001878	0.999935	
1856														-0.072363	0.026228	9.817649	0.307592	-0.951504	0.005272	0.951451	0.307632	0.010149	-0.011278	0.001894	0.999935	
1857														-0.085951	0.010370	9.803472	0.307596	-0.951503	0.005278	0.951450	0.307635	0.010163	-0.011293	0.001896	0.999934	
1858														-0.072600	0.026412	9.803003	0.307584	-0.951506	0.005298	0.951454	0.307624	0.010173	-0.011309	0.001912	0.999934	
1859														-0.070836	0.012448	9.832516	0.307586	-0.951506	0.005285	0.951453	0.307625	0.010176	-0.011308	0.001899	0.999934	
1860														-0.070903	0.012124	9.817873	0.307602	-0.951500	0.005258	0.951448	0.307642	0.010183	-0.011307	0.001870	0.999934	
1861														-0.100169	0.009547	9.803721	0.307590	-0.951504	0.005289	0.951452	0.307629	0.010175	-0.011308	0.001903	0.999934	
1862														-0.070233	0.012976	9.847163	0.307577	-0.951508	0.005281	0.951456	0.307617	0.010193	-0.011323	0.001889	0.999934	
1863														-0.070609	0.012555	9.817874	0.307580	-0.951507	0.005283	0.951455	0.307620	0.010193	-0.011324	0.001891	0.999934	
1864														-0.070613	0.012461	9.803231	0.307554	-0.951516	0.005281	0.951463	0.307594	0.010177	-0.011308	0.001895	0.999934	
1865														-0.085057	0.011292	9.803479	0.307542	-0.951520	0.005272	0.951467	0.307582	0.010196	-0.011323	0.001881	0.999934	
1866														-0.071250	0.027296	9.817654	0.307560	-0.951514	0.005236	0.951462	0.307599	0.010174	-0.011291	0.001853	0.999935	
1867														-0.086069	0.025869	9.803257	0.307562	-0.951513	0.005269	0.951460	0.307602	0.010228	-0.011353	0.001867	0.999934	
1868														-0.084671	0.011657	9.818125	0.307536	-0.951522	0.005252	0.951469	0.307575	0.010217	-0.011337	0.001855	0.999934	
1869														-0.069851	0.012977	9.817879	0.307553	-0.951517	0.005254	0.951463	0.307592	0.010216	-0.011337	0.001856	0.999934	
1870														-0.085466	0.026632	9.832546	0.307541	-0.951520	0.005249	0.951467	0.307580	0.010249	-0.011367	0.001842	0.999934	
1871														-0.085846	0.026209	9.803258	0.307529	-0.951524	0.005247	0.951471	0.307568	0.010234	-0.011352	0.001845	0.999934	
1872														-0.084443	0.011687	9.803484	0.307517	-0.951528	0.005239	0.951475	0.307556	0.010253	-0.011367	0.001832	0.999934	
1873														-0.069699	0.013008	9.803237	0.307520	-0.951527	0.005236	0.951474	0.307559	0.010237	-0.011351	0.001834	0.999934	
1874														-0.084946	0.027059	9.832550	0.307538	-0.951521	0.005257	0.951468	0.307577	0.010247	-0.011367	0.001850	0.999934	
1875														-0.083924	0.012123	9.803488	0.307511	-0.951530	0.005236	0.951477	0.307550	0.010221	-0.011336	0.001839	0.999934	
1876														-0.099322	0.025855	9.818157	0.307543	-0.951520	0.005256	0.951467	0.307582	0.010231	-0.011352	0.001854	0.999934	
1877														-0.069761	0.028754	9.832304	0.307516	-0.951528	0.005239	0.951475	0.307555	0.010220	-0.011336	0.001842	0.999934	
1878														-0.084586	0.027079	9.803266	0.307534	-0.951523	0.005241	0.951470	0.307573	0.010219	-0.011336	0.001843	0.999934	
1879														-0.097380	0.011714	9.833032	0.307521	-0.951527	0.005217	0.951474	0.307560	0.010241	-0.011349	0.001815	0.999934	
1880														-0.084425	0.026987	9.803268	0.307522	-0.951527	0.005204	0.951473	0.307561	0.010244	-0.011349	0.001801	0.999934	
1881														-0.084346	0.026978	9.803269	0.307525	-0.951526	0.005196	0.951472	0.307564	0.010263	-0.011363	0.001788	0.999934	
1882														-0.081746	-0.002066	9.803722	0.307528	-0.951525	0.005212	0.951471	0.307567	0.010258	-0.011364	0.001805	0.999934	
